000011111101
01111111110
01010101010
00111100110
00111101011
00001010100
01111001111
00111010000
01011110010
00000011101
00100101111
01001111100
00100010111
01101101001
01101100000
01011011111
01001011101
01101011010
00101001011
00000110001
00101010110
01001101110
00111100111
01000110101
01110011100
00001000111
01110011111
00110100111
00010111011
00111000110
01010101001
01110100100
00101001000
00100101011
00010001101
00110010101
01001111011
01110010100
01110100101
00001111010
00110100110
01010011000
01010111101
00100011010
01100110010
00001100010
00100001110
01101111011
01111110001
00100011100

